------------------------ aborting loop because EDIFF is reached ----------------------------------------


    CHARGE:  cpu time    0.7468: real time    0.7468
    FORLOC:  cpu time    0.0170: real time    0.0178
    FORNL :  cpu time    3.8677: real time    3.8680
    STRESS:  cpu time   11.6617: real time   11.6625
    FORCOR:  cpu time    0.1005: real time    0.1010
    FORHAR:  cpu time    0.0259: real time    0.0259
    MIXING:  cpu time    0.0074: real time    0.0074
    OFIELD:  cpu time    0.0007: real time    0.0009

  FORCE on cell =-STRESS in cart. coord.  units (eV):
  Direction    XX          YY          ZZ          XY          YZ          ZX
  --------------------------------------------------------------------------------------
  Alpha Z  1801.67622  1801.67622  1801.67622
  Ewald  493730.84864493691.27079************   -93.25712   126.41450   -41.74738
  Hartree509544.00013509440.38391************  -155.42027   132.42801   -38.24367
  E(xc)   -3639.11660 -3641.92268 -3645.89945     1.73459    -0.47838     0.56094
  Local  ************************************   249.02614  -259.10650    81.21439
  n-local -1936.07976 -1920.16433 -1929.36477     4.65278    -0.10919     0.85580
  augment  2900.26527  2897.96580  2927.31467    -3.63445     0.74587     0.06039
  Kinetic  6792.39858  6783.61347  6802.89172    -2.57567     0.38092    -2.28185
  Fock        0.00000     0.00000     0.00000     0.00000     0.00000     0.00000
  -------------------------------------------------------------------------------------
  Total     -20.90136     1.76544    -0.40619     0.52600     0.27522     0.41860
  in kB     -11.39473     0.96246    -0.22144     0.28676     0.15004     0.22821
  external pressure =       -3.55 kB  Pullay stress =        0.00 kB


 VOLUME and BASIS-vectors are now :
 -----------------------------------------------------------------------------
  energy-cutoff  :      600.00
  volume of cell :     2938.87
      direct lattice vectors                 reciprocal lattice vectors
     7.778498173  0.000000000  0.000000000     0.128559521  0.000000000  0.000000000
     0.000000000 13.137704849  0.000000000     0.000000000  0.076116796  0.000000000
     0.000000000  0.000000000 28.758470535     0.000000000  0.000000000  0.034772364

  length of vectors
     7.778498173 13.137704849 28.758470535     0.128559521  0.076116796  0.034772364


 FORCES acting on ions
    electron-ion (+dipol)            ewald-force                    non-local-force                 convergence-correction
 -----------------------------------------------------------------------------------------------
   -.195E+03 -.128E+03 -.302E+04   0.195E+03 0.128E+03 0.302E+04   0.330E+00 -.180E+00 -.757E+00   0.487E-03 -.564E-02 -.588E-02
   -.364E+02 0.168E+03 -.319E+04   0.372E+02 -.168E+03 0.319E+04   -.800E+00 -.521E+00 -.237E+01   -.107E-02 -.107E-02 -.190E-01
   -.216E+02 0.166E+03 -.109E+04   0.218E+02 -.165E+03 0.109E+04   -.214E+00 -.724E+00 0.467E+00   -.101E-02 -.127E-01 -.570E-01
   -.403E+02 -.584E+02 -.952E+03   0.398E+02 0.577E+02 0.952E+03   0.475E+00 0.798E+00 -.298E+00   0.377E-02 -.189E-01 -.460E-01
   0.385E+02 -.197E+02 0.881E+03   -.380E+02 0.190E+02 -.881E+03   -.532E+00 0.716E+00 -.195E-01   -.707E-02 -.249E-02 -.632E-01
   -.469E+02 -.101E+03 -.308E+04   0.485E+02 0.102E+03 0.308E+04   -.158E+01 -.116E+01 0.193E+00   -.802E-02 -.346E-02 -.624E-02
   -.354E+02 0.577E+02 0.110E+04   0.351E+02 -.578E+02 -.110E+04   0.270E+00 0.574E-01 0.187E-01   0.491E-02 -.221E-01 -.525E-01
   0.839E+02 -.789E+02 -.103E+04   -.832E+02 0.778E+02 0.103E+04   -.728E+00 0.115E+01 0.425E+00   0.146E-02 -.122E-01 -.503E-01
   0.209E+02 -.898E+02 0.326E+04   -.201E+02 0.904E+02 -.326E+04   -.815E+00 -.631E+00 0.249E+00   0.103E-01 0.298E-01 -.249E-01
   -.149E+03 -.121E+03 -.934E+03   0.149E+03 0.120E+03 0.934E+03   0.388E+00 0.203E+00 0.411E+00   -.364E-02 -.640E-02 -.379E-01
   -.579E+02 -.534E+02 -.311E+04   0.578E+02 0.523E+02 0.311E+04   0.166E+00 0.111E+01 -.111E+01   -.524E-02 0.201E-01 -.163E-01
   0.653E+01 -.140E+03 0.112E+04   -.644E+01 0.139E+03 -.112E+04   -.771E-01 0.425E+00 -.597E-01   0.844E-02 -.232E-01 -.494E-01
   0.282E+02 0.120E+03 -.113E+04   -.281E+02 -.119E+03 0.113E+04   -.166E+00 -.705E+00 0.113E+01   -.395E-02 -.909E-02 -.555E-01
   0.277E+02 0.189E+03 -.315E+04   -.285E+02 -.189E+03 0.315E+04   0.827E+00 -.879E-01 -.145E+01   0.450E-03 0.264E-02 -.185E-01
   0.251E+00 0.659E+02 0.104E+04   -.117E+00 -.659E+02 -.104E+04   -.104E+00 -.480E-01 -.584E-01   0.352E-02 0.227E-01 -.586E-01
   0.821E+02 -.719E+02 -.307E+04   -.817E+02 0.741E+02 0.307E+04   -.428E+00 -.219E+01 -.136E+00   -.108E-01 -.124E-01 -.869E-02
   -.439E+02 -.447E+02 -.105E+04   0.441E+02 0.442E+02 0.105E+04   -.125E+00 0.447E+00 0.114E+00   -.346E-02 0.195E-01 -.490E-01
   -.889E+01 -.498E+02 0.779E+03   0.893E+01 0.497E+02 -.780E+03   -.431E-01 0.314E-01 0.565E+00   -.369E-02 0.348E-01 -.642E-01
   0.126E+02 -.525E+02 0.320E+04   -.126E+02 0.529E+02 -.320E+04   -.663E-02 -.467E+00 -.492E+00   -.587E-02 0.330E-01 -.236E-01
   -.457E+02 0.123E+03 0.320E+04   0.460E+02 -.121E+03 -.320E+04   -.291E+00 -.105E+01 0.195E+01   0.703E-02 -.160E-01 -.260E-01
   -.599E+02 -.169E+02 0.971E+03   0.594E+02 0.167E+02 -.972E+03   0.491E+00 0.209E+00 0.110E+01   0.510E-03 -.508E-02 -.726E-01
   0.310E+02 0.278E+02 0.105E+04   -.317E+02 -.280E+02 -.105E+04   0.719E+00 0.188E+00 -.243E+00   -.248E-02 0.543E-03 -.516E-01
   0.127E+03 0.782E+02 -.310E+04   -.127E+03 -.781E+02 0.310E+04   -.267E+00 -.662E-01 -.493E+00   -.108E-01 -.276E-02 -.947E-02
   0.898E+02 -.608E+01 -.313E+04   -.888E+02 0.608E+01 0.313E+04   -.948E+00 -.173E-01 0.121E+01   -.311E-02 0.125E-01 -.205E-01
   0.167E+03 0.969E+02 -.998E+03   -.167E+03 -.965E+02 0.998E+03   -.154E+00 -.459E+00 -.182E+00   -.587E-02 -.580E-02 -.367E-01
   0.147E+03 0.563E+02 -.123E+04   -.146E+03 -.564E+02 0.123E+04   -.304E+00 0.764E-01 -.650E-01   -.682E-02 0.170E-01 -.491E-01
   -.978E+02 -.789E+02 -.128E+04   0.966E+02 0.793E+02 0.128E+04   0.121E+01 -.371E+00 0.686E+00   0.686E-02 0.212E-01 -.471E-01
   0.195E+02 -.350E+02 0.119E+04   -.193E+02 0.352E+02 -.118E+04   -.167E+00 -.176E+00 -.119E+01   -.137E-01 -.224E-01 -.540E-01
   0.165E+02 -.664E+02 0.981E+03   -.181E+02 0.678E+02 -.980E+03   0.148E+01 -.147E+01 -.985E+00   -.747E-02 0.260E-01 -.518E-01
   0.774E+01 -.440E+02 0.318E+04   -.752E+01 0.439E+02 -.318E+04   -.219E+00 0.377E-01 0.723E+00   -.143E-03 -.335E-02 -.123E-01
   -.109E+03 -.212E+03 -.313E+04   0.109E+03 0.212E+03 0.313E+04   0.312E+00 -.351E+00 -.176E+01   0.216E-02 -.525E-03 -.504E-02
   0.266E+02 -.604E+02 0.321E+04   -.270E+02 0.606E+02 -.320E+04   0.384E+00 -.208E+00 -.925E+00   0.670E-02 0.242E-01 -.144E-01
   0.262E+02 -.148E+02 -.109E+04   -.268E+02 0.143E+02 0.108E+04   0.541E+00 0.476E+00 0.174E+01   0.715E-04 0.174E-01 -.574E-01
   -.555E+02 -.332E+02 0.112E+04   0.551E+02 0.329E+02 -.112E+04   0.474E+00 0.347E+00 -.848E-01   -.166E-02 -.231E-01 -.644E-01
   -.568E+02 -.468E+01 -.900E+03   0.567E+02 0.478E+01 0.901E+03   0.967E-01 -.909E-01 -.253E+00   -.626E-02 -.374E-02 -.388E-01
   -.262E+02 -.112E+03 0.330E+04   0.254E+02 0.112E+03 -.331E+04   0.801E+00 -.111E+00 0.163E+01   -.413E-02 0.194E-01 -.208E-01
   0.566E+02 0.134E+03 0.323E+04   -.563E+02 -.134E+03 -.323E+04   -.281E+00 0.744E+00 0.973E+00   -.644E-02 -.147E-01 -.280E-01
   -.893E+01 0.134E+03 -.107E+04   0.890E+01 -.133E+03 0.107E+04   0.189E-01 -.129E+01 0.152E+01   0.405E-02 -.103E-01 -.619E-01
   0.787E+02 0.108E+03 -.319E+04   -.803E+02 -.110E+03 0.319E+04   0.155E+01 0.134E+01 -.242E+01   0.175E-02 -.522E-02 -.102E-01
   0.334E+02 -.615E+02 0.324E+04   -.335E+02 0.614E+02 -.324E+04   0.642E-01 0.130E+00 -.683E+00   0.545E-02 -.278E-01 -.149E-01
   0.544E+02 0.146E+03 0.318E+04   -.543E+02 -.147E+03 -.318E+04   -.572E-01 0.798E+00 0.594E+00   -.132E-02 0.721E-02 -.296E-01
   0.110E+03 -.585E+02 0.109E+04   -.109E+03 0.582E+02 -.108E+04   -.599E+00 0.311E+00 -.412E+00   0.934E-02 -.250E-01 -.615E-01
   -.112E+01 -.676E+02 0.101E+04   0.223E+01 0.678E+02 -.101E+04   -.113E+01 -.243E+00 -.736E+00   0.111E-01 0.356E-01 -.637E-01
   -.121E+03 -.613E+02 -.311E+04   0.121E+03 0.615E+02 0.311E+04   0.437E-02 -.272E+00 0.164E+00   -.703E-03 0.248E-02 -.366E-02
   -.755E+02 0.721E+02 0.102E+04   0.756E+02 -.726E+02 -.102E+04   -.180E+00 0.451E+00 0.365E+00   0.624E-02 0.146E-03 -.433E-01
   0.186E+02 0.680E+01 0.324E+04   -.185E+02 -.614E+01 -.324E+04   -.589E-01 -.619E+00 -.936E+00   0.959E-02 -.109E-01 -.919E-02
   -.418E+02 -.686E+02 0.318E+04   0.421E+02 0.685E+02 -.318E+04   -.262E+00 0.605E-01 -.693E+00   -.172E-01 0.215E-01 -.127E-01
   0.193E+02 0.398E+02 0.104E+04   -.194E+02 -.387E+02 -.104E+04   0.851E-01 -.113E+01 -.116E+01   0.231E-02 0.513E-02 -.619E-01
   -.426E+02 0.192E+02 -.931E+03   0.425E+02 -.188E+02 0.931E+03   0.101E+00 -.323E+00 -.366E-01   -.767E-02 -.154E-01 -.470E-01
   -.299E+02 -.124E+03 0.317E+04   0.299E+02 0.124E+03 -.317E+04   0.620E-01 0.607E-01 0.110E+00   -.103E-01 -.198E-01 -.112E-01
   0.118E+03 -.113E+03 -.891E+03   -.118E+03 0.113E+03 0.891E+03   -.203E+00 -.552E-01 0.883E-01   -.906E-02 -.642E-02 -.423E-01
   -.608E+02 -.432E+02 0.321E+04   0.617E+02 0.423E+02 -.321E+04   -.894E+00 0.905E+00 -.576E+00   -.651E-02 -.298E-01 -.161E-01
   0.705E+01 0.459E+02 0.942E+03   -.799E+01 -.453E+02 -.942E+03   0.900E+00 -.603E+00 0.842E+00   -.223E-03 0.237E-01 -.518E-01
   0.197E+03 -.161E+03 -.430E+04   -.197E+03 0.161E+03 0.429E+04   -.540E+00 -.474E+00 0.551E+01   0.219E-02 -.230E-02 -.909E-02
   -.176E+02 0.837E+02 0.419E+04   0.178E+02 -.839E+02 -.419E+04   -.219E+00 0.115E+00 -.469E+01   -.164E-02 0.126E-01 -.365E-01
   -.615E+02 0.406E+02 -.424E+04   0.610E+02 -.407E+02 0.424E+04   0.456E+00 0.906E-01 0.501E+01   0.166E-02 -.984E-02 -.970E-02
   -.334E+02 0.182E+03 0.449E+04   0.340E+02 -.182E+03 -.448E+04   -.681E+00 0.321E+00 -.651E+01   0.311E-02 0.502E-02 -.263E-01
   -.454E+02 0.721E+02 -.416E+04   0.454E+02 -.726E+02 0.416E+04   -.511E-01 0.445E+00 0.412E+01   0.177E-02 -.975E-02 -.113E-01
   -.187E+02 0.144E+03 0.141E+04   0.188E+02 -.144E+03 -.141E+04   -.189E+00 0.238E+00 0.752E+00   -.462E-02 0.214E-01 -.641E-01
   0.546E+02 -.446E+02 -.184E+04   -.546E+02 0.446E+02 0.184E+04   0.411E-01 0.172E-01 0.311E+01   0.137E-02 -.399E-02 -.480E-02
   0.190E+02 -.109E+03 -.628E+03   -.190E+02 0.109E+03 0.628E+03   -.285E-01 -.390E+00 -.746E+00   0.591E-02 -.247E-02 -.212E-01
   -.824E+02 0.327E+02 -.695E+03   0.833E+02 -.329E+02 0.695E+03   -.873E+00 0.251E+00 -.272E+00   0.369E-02 0.117E-01 -.363E-01
   0.127E+02 -.288E+02 0.189E+04   -.124E+02 0.289E+02 -.189E+04   -.289E+00 -.553E-01 -.271E+01   0.696E-02 0.142E-01 -.108E-01
   0.617E+02 0.404E+02 -.795E+03   -.627E+02 -.405E+02 0.795E+03   0.103E+01 0.101E+00 -.551E+00   -.148E-02 0.916E-02 -.327E-01
   -.145E+02 0.234E+02 -.191E+04   0.141E+02 -.228E+02 0.190E+04   0.402E+00 -.643E+00 0.452E+01   0.238E-02 0.979E-02 -.627E-02
   0.121E+02 0.391E+02 -.185E+04   -.120E+02 -.389E+02 0.185E+04   -.764E-01 -.200E+00 0.233E+01   -.118E-02 0.122E-02 -.113E-01
   0.298E+02 0.477E+02 0.729E+03   -.300E+02 -.477E+02 -.730E+03   0.268E+00 -.512E-01 0.883E+00   -.226E-02 -.575E-02 -.280E-01
   -.911E+01 0.478E+02 -.187E+04   0.891E+01 -.484E+02 0.186E+04   0.202E+00 0.603E+00 0.343E+01   0.355E-02 0.775E-03 -.326E-02
   -.701E+02 0.165E+02 -.623E+03   0.703E+02 -.166E+02 0.624E+03   -.161E+00 0.116E+00 -.585E+00   0.494E-02 0.248E-02 -.221E-01
   0.246E+02 0.132E+02 0.191E+04   -.248E+02 -.128E+02 -.190E+04   0.145E+00 -.369E+00 -.344E+01   0.106E-02 -.182E-01 -.124E-01
   -.817E+01 -.106E+01 0.191E+04   0.766E+01 0.129E+01 -.190E+04   0.514E+00 -.146E+00 -.264E+01   -.456E-03 -.105E-01 -.128E-01
   -.352E+02 -.230E+02 0.656E+03   0.355E+02 0.232E+02 -.656E+03   -.246E+00 -.134E+00 0.590E+00   -.310E-02 -.193E-01 -.368E-01
   -.222E+01 0.257E+02 -.256E+04   0.277E+01 -.255E+02 0.256E+04   -.563E+00 -.153E+00 -.410E+01   0.730E-02 0.814E-02 0.106E-01
 -----------------------------------------------------------------------------------------------
   0.737E+00 0.481E+01 0.160E+01   -.616E-12 0.259E-12 0.186E-10   -.743E+00 -.487E+01 0.672E+00   -.380E-01 0.335E-01 -.229E+01
 
 
 POSITION                                       TOTAL-FORCE (eV/Angst)
 -----------------------------------------------------------------------------------
      0.13140      6.31049      6.87446        -0.000274     -0.000225      0.005511
      1.46568     12.80982      7.13967        -0.002152      0.002668     -0.001241
      0.13197      0.37295      5.03784         0.002755      0.001322     -0.004460
      1.36199      2.59269      4.95525         0.003203     -0.001072      0.003790
      1.39503     12.79676      2.95652        -0.001904     -0.000033      0.001443
      6.76252      4.15264      6.87739         0.006954      0.002912      0.002583
      1.41457      4.06383      2.79719         0.023865     -0.027975     -0.048064
      4.05259      2.58787      4.95404         0.002908     -0.007281      0.000127
      5.38075      9.24278      0.71169         0.003011     -0.012156      0.002470
      0.15155      4.75039      4.85137         0.000946      0.002653      0.003362
      5.34743     10.58345      6.98742         0.006736      0.001736      0.000988
      4.02729      3.93666      2.80194         0.019193     -0.043554     -0.018632
      2.70818      0.41326      4.97600         0.001196      0.003524      0.002197
      6.59470     12.77391      7.05790         0.007729      0.001330      0.005371
      6.60979      8.41264      2.76411         0.033939      0.030738      0.078845
      5.37347      6.34336      6.87258        -0.000178     -0.002646     -0.002350
      5.34892      9.12566      4.87528        -0.000725     -0.000924      0.004695
      0.13232     10.61390      2.93678        -0.000663      0.005244     -0.003659
      0.14422      9.22923      0.79266         0.011166     -0.004554      0.023496
      2.77871      4.70328      0.72574         0.029192      0.004661      0.008020
      6.60270     12.79907      2.87159        -0.000113     -0.002775      0.002913
      0.11461      6.18628      2.75108         0.016263      0.030213     -0.010702
      4.04510      8.45141      6.91114         0.003534     -0.002882      0.001513
      2.84501     10.61613      7.07475         0.000895     -0.003581      0.004011
      4.06088      6.91845      4.85548         0.002908     -0.002253      0.000512
      2.69926      9.12818      4.99202         0.003760      0.000523      0.003504
      0.15788      9.11200      5.02081         0.001257     -0.006378     -0.004403
      6.63818      3.96691      2.81648        -0.001253     -0.027294     -0.012574
      2.65531     10.63517      2.83430        -0.046894     -0.041417      0.093532
      2.66192      0.32919      0.88456         0.001201     -0.006186      0.003676
      1.44274      4.15916      7.03491         0.001009     -0.003542     -0.004010
      6.60150     11.37216      0.82930         0.004912     -0.032760      0.001644
      3.98941     11.28314      4.87946         0.004944     -0.002549      0.003007
      5.32098      1.83034      2.83911         0.016129      0.008787     -0.013030
      6.62477      6.95377      4.81144         0.002168      0.003638     -0.003670
      2.70894      9.20606      0.66071        -0.007424      0.012072     -0.011604
      0.11363      4.68562      0.72988        -0.015181     -0.003935     -0.023596
      5.31318      0.41472      4.91968        -0.005957      0.004380      0.004117
      5.32175      1.80973      7.00206         0.006703      0.000411     -0.001973
      4.01180      2.43913      0.81050        -0.013731      0.005649     -0.003003
      6.62988      7.02267      0.69623         0.032441     -0.020338      0.000579
      2.70590      1.83104      2.87530        -0.003648      0.000225      0.002162
      5.38517     10.60422      2.82717        -0.005718     -0.006689     -0.105909
      6.56966      8.43517      6.93327         0.004740      0.003430     -0.004039
      2.75075      6.21700      2.72905        -0.028455     -0.000743     -0.030059
      5.29931      0.33988      0.82306        -0.005568      0.034994     -0.001091
      1.44012     11.34383      0.85416        -0.028837     -0.016405      0.007664
      4.01478     12.81522      2.87625         0.001551      0.001475     -0.005206
      6.57050      2.58580      4.93787        -0.002010     -0.000016      0.001607
      0.16465      0.33401      0.83661         0.022123      0.000538     -0.037177
      5.35749      4.73131      4.88483         0.004708      0.004066     -0.000635
      6.65773      2.46519      0.77459         0.007641     -0.005584     -0.005477
      1.38750      8.46756      2.77258        -0.037576      0.008155      0.107318
      4.37401      4.15067      7.24395         0.005286      0.003845      0.002962
      1.37429      6.93127      0.68822        -0.014372     -0.005991     -0.027263
      7.75466      1.87901      7.11455        -0.000810      0.003399     -0.001823
      4.17387      7.03491      0.25378        -0.021103     -0.039499     -0.031008
      2.70130      2.00835      7.06522         0.000324      0.003146      0.001855
      3.95023      8.52327      2.74364        -0.021177      0.092691      0.079862
      2.75513      6.28262      7.03046         0.002388     -0.001613     -0.002107
      2.76749      4.67479      4.88927        -0.006168     -0.000251      0.007181
      6.51100     11.37250      4.93472         0.001271      0.001765      0.000123
      4.04507     11.36964      0.92515        -0.009483     -0.002831     -0.001178
      1.42386     11.30893      5.12383        -0.000378     -0.002146      0.003541
      0.07157     10.67769      7.33680        -0.000216      0.000782     -0.000907
      4.07157     12.74687      6.87555         0.003074     -0.000447     -0.000278
      5.32598      6.17665      2.70407        -0.005774     -0.005904     -0.052113
      1.45349      8.43218      7.16842         0.002177      0.006174     -0.002874
      1.39493      6.95172      4.75235         0.001661     -0.002179     -0.003791
      1.46838      2.54604      0.81071        -0.024264     -0.016509      0.002082
      5.32330      4.58808      0.74783         0.009325      0.068892     -0.003711
      0.10911      1.79310      2.89488        -0.000707      0.001268     -0.000197
      1.09393      9.60237      9.30992        -0.004472      0.005813      0.005552
 -----------------------------------------------------------------------------------
    total drift:                               -0.044150     -0.033720     -0.024919


--------------------------------------------------------------------------------------------------------



  FREE ENERGIE OF THE ION-ELECTRON SYSTEM (eV)
  ---------------------------------------------------
  free  energy   TOTEN  =      -504.28068988 eV

  energy  without entropy=     -504.26949932  energy(sigma->0) =     -504.27789224
 
 d Force = 0.2292301E-06[-0.191E-05, 0.237E-05]  d Energy = 0.1980370E-05-0.175E-05
 d Force =-0.1052891E+01[-0.105E+01,-0.105E+01]  d Ewald  =-0.1052891E+01 0.407E-08


--------------------------------------------------------------------------------------------------------


    POTLOK:  cpu time    0.0970: real time    0.0977


--------------------------------------------------------------------------------------------------------




--------------------------------------------------------------------------------------------------------


  
 reached required accuracy - stopping structural energy minimisation
     LOOP+:  cpu time  101.8845: real time  101.9209
    4ORBIT:  cpu time    0.0000: real time    0.0000

 total amount of memory used by VASP on root node   167049. kBytes
========================================================================

   base      :      30000. kBytes
   nonlr-proj:       5915. kBytes
   fftplans  :       2917. kBytes
   grid      :       7869. kBytes
   one-center:        124. kBytes
   wavefun   :     120224. kBytes
 
  
  
 General timing and accounting informations for this job:
 ========================================================
  
                  Total CPU time used (sec):    29747.072
                            User time (sec):    29693.212
                          System time (sec):       53.860
                         Elapsed time (sec):    29752.952
  
                   Maximum memory used (kb):      258996.
                   Average memory used (kb):           0.
  
                          Minor page faults:       521428
                          Major page faults:            0
                 Voluntary context switches:       254238