1.672999999999999834e-02 1.762000000000000025e-02 3.200000000000000067e-01
3.489099999999999979e-01 3.171000000000000207e-02 3.200000000000000067e-01
6.824700000000000211e-01 3.100999999999999937e-02 3.200000000000000067e-01
1.748899999999999899e-01 1.969499999999999862e-01 3.200000000000000067e-01
5.410800000000000054e-01 1.970500000000000029e-01 3.200000000000000067e-01
1.908999999999999933e-02 3.610700000000000021e-01 3.200000000000000067e-01
3.553499999999999992e-01 3.563500000000000001e-01 3.200000000000000067e-01
7.086500000000000021e-01 3.800600000000000089e-01 3.200000000000000067e-01
1.806699999999999973e-01 5.084300000000000486e-01 3.200000000000000067e-01
5.226800000000000335e-01 5.265600000000000280e-01 3.200000000000000067e-01
1.606000000000000136e-02 6.930800000000000294e-01 3.200000000000000067e-01
3.549800000000000177e-01 6.972399999999999709e-01 3.200000000000000067e-01
6.885200000000000209e-01 6.943799999999999972e-01 3.200000000000000067e-01
1.880900000000000072e-01 8.608599999999999586e-01 3.200000000000000067e-01
5.153400000000000203e-01 8.398099999999999454e-01 3.200000000000000067e-01
